106713
106817
103150
100566
98171.6
94894.4
91289
87284.5
83137.4
78667.9
74558.7
70161.2
65762.3
62459.3
59421.8
56593
54074.1
51907.2
48754.4
46248.2
44063.4
42147.4
42133.1
40953.4
39949.4
39797.8
39692.1
39897.6
40076.9
40222.5
40296.8
40315.1
40340.4
40337.9
40321.6
40298.8
40281.4
40280.4
40299.4
40332.8
40382.4
40421.8
40450.6
40456.1
40445.1
40426.6
40404.5
40379.7
40312.7
40212.1
40084
39965.7
40050.1
40489.6
40975.8
41436.9
41830.2
42159.9
42169.6
42145.5
42103.1
42347.2
42609.6
42845.2
43094.9
43388.5
43663.6
43894.6
44211.4
44579.8
45015.6
45121.4
45339.1
44874.6
44354.4
43882.8
43458.6
43079.6
43006.1
42960.8
42879.5
42514.2
42151.2
41817.6
41483.7
41115.6
40786.4
40515.8
40147.8
39793.9
39414.4
39391.2
39059.8
39052.4
39050.1
39034.6
39019.7
38997.3
38981.8
38920.1
38903.1
38839.6
38796.5
38731.3
38680.6
38632.4
38555
38478.1
38418.7
38360.4
38326
38278.1
38219.2
38186.9
38154.1
38096.1
38085.9
38058
38012.1
38013.9
37994.8
